Photodiode readout when axes are centered: 0.449 mW

Plane 1:
X Voltages: [0, 5, 10, 15, 20, 25, 30, 35, 40, 45, 50, 55, 60, 65, 70, 0, 5, 10, 15, 20, 25, 30, 35, 40, 45, 50, 55, 60, 65, 70, 0, 5, 10, 15, 20, 25, 30, 35, 40, 45, 50, 55, 60, 65, 70, 0, 5, 10, 15, 20, 25, 30, 35, 40, 45, 50, 55, 60, 65, 70, 0, 5, 10, 15, 20, 25, 30, 35, 40, 45, 50, 55, 60, 65, 70, 0, 5, 10, 15, 20, 25, 30, 35, 40, 45, 50, 55, 60, 65, 70, 0, 5, 10, 15, 20, 25, 30, 35, 40, 45, 50, 55, 60, 65, 70, 0, 5, 10, 15, 20, 25, 30, 35, 40, 45, 50, 55, 60, 65, 70, 0, 5, 10, 15, 20, 25, 30, 35, 40, 45, 50, 55, 60, 65, 70, 0, 5, 10, 15, 20, 25, 30, 35, 40, 45, 50, 55, 60, 65, 70, 0, 5, 10, 15, 20, 25, 30, 35, 40, 45, 50, 55, 60, 65, 70, 0, 5, 10, 15, 20, 25, 30, 35, 40, 45, 50, 55, 60, 65, 70, 0, 5, 10, 15, 20, 25, 30, 35, 40, 45, 50, 55, 60, 65, 70, 0, 5, 10, 15, 20, 25, 30, 35, 40, 45, 50, 55, 60, 65, 70, 0, 5, 10, 15, 20, 25, 30, 35, 40, 45, 50, 55, 60, 65, 70]
Z Voltages: [0, 0, 0, 0, 0, 0, 0, 0, 0, 0, 0, 0, 0, 0, 0, 5, 5, 5, 5, 5, 5, 5, 5, 5, 5, 5, 5, 5, 5, 5, 10, 10, 10, 10, 10, 10, 10, 10, 10, 10, 10, 10, 10, 10, 10, 15, 15, 15, 15, 15, 15, 15, 15, 15, 15, 15, 15, 15, 15, 15, 20, 20, 20, 20, 20, 20, 20, 20, 20, 20, 20, 20, 20, 20, 20, 25, 25, 25, 25, 25, 25, 25, 25, 25, 25, 25, 25, 25, 25, 25, 30, 30, 30, 30, 30, 30, 30, 30, 30, 30, 30, 30, 30, 30, 30, 35, 35, 35, 35, 35, 35, 35, 35, 35, 35, 35, 35, 35, 35, 35, 40, 40, 40, 40, 40, 40, 40, 40, 40, 40, 40, 40, 40, 40, 40, 45, 45, 45, 45, 45, 45, 45, 45, 45, 45, 45, 45, 45, 45, 45, 50, 50, 50, 50, 50, 50, 50, 50, 50, 50, 50, 50, 50, 50, 50, 55, 55, 55, 55, 55, 55, 55, 55, 55, 55, 55, 55, 55, 55, 55, 60, 60, 60, 60, 60, 60, 60, 60, 60, 60, 60, 60, 60, 60, 60, 65, 65, 65, 65, 65, 65, 65, 65, 65, 65, 65, 65, 65, 65, 65, 70, 70, 70, 70, 70, 70, 70, 70, 70, 70, 70, 70, 70, 70, 70]
Power: [0.4569, 0.6716, 0.6775, 0.6725, 0.6657, 0.6598, 0.6627, 0.6706, 0.6676, 0.6451, 0.6402, 0.6324, 0.6363, 0.6412, 0.6324, 0.6725, 0.6725, 0.6706, 0.6578, 0.6588, 0.6529, 0.6461, 0.652, 0.6373, 0.6304, 0.6275, 0.6196, 0.6059, 0.6206, 0.6, 0.6588, 0.6647, 0.6598, 0.6578, 0.6431, 0.6529, 0.6618, 0.6529, 0.6608, 0.6549, 0.6412, 0.6304, 0.6098, 0.5951, 0.5843, 0.6245, 0.6569, 0.6529, 0.6627, 0.6667, 0.6647, 0.6598, 0.652, 0.6294, 0.6255, 0.6245, 0.5922, 0.5902, 0.5784, 0.5618, 0.6294, 0.6598, 0.6578, 0.6618, 0.6265, 0.5755, 0.5127, 0.3069, 0.1627, 0.0559, 0.0843, 0.1696, 0.3529, 0.4667, 0.5108, 0.6078, 0.6539, 0.6431, 0.601, 0.4686, 0.2353, 0.1471, 0.5676, 1.3941, 1.7088, 1.6775, 1.2471, 0.7755, 0.0676, 0.3216, 0.5402, 0.6314, 0.6039, 0.499, 0.2716, 0.2588, 0.9971, 1.9873, 3.3578, 4.0333, 4.0216, 3.25, 2.1294, 1.2039, 0.0245, 0.499, 0.6245, 0.5824, 0.4784, 0.3088, 0.3176, 1.1137, 2.1833, 3.5176, 4.1147, 4.3863, 3.5618, 2.4245, 1.1235, 0.1167, 0.3902, 0.6245, 0.5951, 0.5225, 0.401, 0.1324, 0.4294, 1.0275, 1.6696, 2.1941, 2.2196, 1.9284, 0.9441, 0.2667, 0.1745, 0.6127, 0.651, 0.6294, 0.5873, 0.5324, 0.4578, 0.3431, 0.1765, 0.0578, 0.2078, 0.1922, 0.0343, 0.1853, 0.4206, 0.5176, 0.6578, 0.6422, 0.65, 0.6275, 0.6098, 0.5892, 0.5588, 0.5402, 0.5324, 0.5353, 0.5735, 0.5971, 0.6412, 0.6549, 0.652, 0.6598, 0.6667, 0.6667, 0.652, 0.6412, 0.6314, 0.6206, 0.6235, 0.6373, 0.6402, 0.651, 0.6529, 0.6529, 0.6559, 0.6529, 0.6559, 0.6755, 0.6716, 0.6627, 0.6686, 0.6696, 0.6637, 0.6461, 0.6471, 0.648, 0.6539, 0.6627, 0.6598, 0.652, 0.6422, 0.6775, 0.6676, 0.6657, 0.6696, 0.6598, 0.6696, 0.6775, 0.6716, 0.6755, 0.6725, 0.6725, 0.6667, 0.6716, 0.6588, 0.6725, 0.6775, 0.6765, 0.6775, 0.6824, 0.6686, 0.6745, 0.6725, 0.6716, 0.6725, 0.6667, 0.6725, 0.6794, 0.6725, 0.6814, 0.6794]

Plane 3:
X Voltages: [0, 5, 10, 15, 20, 25, 30, 35, 40, 45, 50, 55, 60, 65, 70, 0, 5, 10, 15, 20, 25, 30, 35, 40, 45, 50, 55, 60, 65, 70, 0, 5, 10, 15, 20, 25, 30, 35, 40, 45, 50, 55, 60, 65, 70, 0, 5, 10, 15, 20, 25, 30, 35, 40, 45, 50, 55, 60, 65, 70, 0, 5, 10, 15, 20, 25, 30, 35, 40, 45, 50, 55, 60, 65, 70, 0, 5, 10, 15, 20, 25, 30, 35, 40, 45, 50, 55, 60, 65, 70, 0, 5, 10, 15, 20, 25, 30, 35, 40, 45, 50, 55, 60, 65, 70, 0, 5, 10, 15, 20, 25, 30, 35, 40, 45, 50, 55, 60, 65, 70, 0, 5, 10, 15, 20, 25, 30, 35, 40, 45, 50, 55, 60, 65, 70, 0, 5, 10, 15, 20, 25, 30, 35, 40, 45, 50, 55, 60, 65, 70, 0, 5, 10, 15, 20, 25, 30, 35, 40, 45, 50, 55, 60, 65, 70, 0, 5, 10, 15, 20, 25, 30, 35, 40, 45, 50, 55, 60, 65, 70, 0, 5, 10, 15, 20, 25, 30, 35, 40, 45, 50, 55, 60, 65, 70, 0, 5, 10, 15, 20, 25, 30, 35, 40, 45, 50, 55, 60, 65, 70, 0, 5, 10, 15, 20, 25, 30, 35, 40, 45, 50, 55, 60, 65, 70]
Z Voltages: [0, 0, 0, 0, 0, 0, 0, 0, 0, 0, 0, 0, 0, 0, 0, 5, 5, 5, 5, 5, 5, 5, 5, 5, 5, 5, 5, 5, 5, 5, 10, 10, 10, 10, 10, 10, 10, 10, 10, 10, 10, 10, 10, 10, 10, 15, 15, 15, 15, 15, 15, 15, 15, 15, 15, 15, 15, 15, 15, 15, 20, 20, 20, 20, 20, 20, 20, 20, 20, 20, 20, 20, 20, 20, 20, 25, 25, 25, 25, 25, 25, 25, 25, 25, 25, 25, 25, 25, 25, 25, 30, 30, 30, 30, 30, 30, 30, 30, 30, 30, 30, 30, 30, 30, 30, 35, 35, 35, 35, 35, 35, 35, 35, 35, 35, 35, 35, 35, 35, 35, 40, 40, 40, 40, 40, 40, 40, 40, 40, 40, 40, 40, 40, 40, 40, 45, 45, 45, 45, 45, 45, 45, 45, 45, 45, 45, 45, 45, 45, 45, 50, 50, 50, 50, 50, 50, 50, 50, 50, 50, 50, 50, 50, 50, 50, 55, 55, 55, 55, 55, 55, 55, 55, 55, 55, 55, 55, 55, 55, 55, 60, 60, 60, 60, 60, 60, 60, 60, 60, 60, 60, 60, 60, 60, 60, 65, 65, 65, 65, 65, 65, 65, 65, 65, 65, 65, 65, 65, 65, 65, 70, 70, 70, 70, 70, 70, 70, 70, 70, 70, 70, 70, 70, 70, 70]
Power: [0.6706, 0.6775, 0.6784, 0.6765, 0.6706, 0.6716, 0.6716, 0.6755, 0.6706, 0.6608, 0.651, 0.6598, 0.6598, 0.6637, 0.6637, 0.6745, 0.6745, 0.6794, 0.6647, 0.6667, 0.651, 0.649, 0.6441, 0.6304, 0.6373, 0.6206, 0.6382, 0.6333, 0.6284, 0.6304, 0.6598, 0.6706, 0.6686, 0.6588, 0.6402, 0.6461, 0.6373, 0.6353, 0.6225, 0.6275, 0.6314, 0.6314, 0.6206, 0.6147, 0.6078, 0.651, 0.6559, 0.6676, 0.6431, 0.6441, 0.6422, 0.6422, 0.6431, 0.652, 0.6559, 0.6647, 0.6676, 0.6402, 0.6137, 0.5882, 0.649, 0.6598, 0.6569, 0.6461, 0.6412, 0.6029, 0.5912, 0.5588, 0.4892, 0.4059, 0.402, 0.4598, 0.5265, 0.6147, 0.6118, 0.6402, 0.6539, 0.6392, 0.6206, 0.5892, 0.4853, 0.3078, 0.0039, 0.3559, 1.0216, 1.2569, 1.1275, 0.6843, 0.2598, 0.3863, 0.5814, 0.6373, 0.6206, 0.5892, 0.4843, 0.2255, 0.2167, 1.1167, 1.9657, 3.3892, 4.1049, 4.1559, 3.3176, 2.0657, 0.8627, 0.452, 0.6373, 0.6098, 0.5569, 0.4529, 0.1402, 0.3892, 1.4451, 2.6382, 3.9049, 4.7137, 5.1029, 4.2451, 2.4706, 1.0324, 0.0402, 0.6363, 0.602, 0.5529, 0.448, 0.3039, 0.0824, 0.7402, 1.4588, 2.3578, 2.701, 2.7029, 2.0696, 0.9471, 0.1343, 0.5059, 0.6539, 0.6235, 0.5892, 0.5333, 0.448, 0.3353, 0.0941, 0.1167, 0.3431, 0.3922, 0.2794, 0.051, 0.3804, 0.5559, 0.649, 0.649, 0.6471, 0.6216, 0.599, 0.5608, 0.4961, 0.4804, 0.4343, 0.4186, 0.4627, 0.5314, 0.5863, 0.6363, 0.6637, 0.6608, 0.6549, 0.6549, 0.6627, 0.6333, 0.6255, 0.6137, 0.5863, 0.5902, 0.5775, 0.5912, 0.6039, 0.6333, 0.6471, 0.6471, 0.6667, 0.6647, 0.651, 0.6676, 0.6735, 0.6559, 0.6451, 0.6637, 0.6529, 0.6471, 0.6382, 0.6314, 0.6353, 0.6422, 0.65, 0.6716, 0.6804, 0.6784, 0.6676, 0.6765, 0.6755, 0.6775, 0.6696, 0.6775, 0.6784, 0.6804, 0.6745, 0.6657, 0.6696, 0.6676, 0.6794, 0.6755, 0.6725, 0.6814, 0.6745, 0.6784, 0.6794, 0.6775, 0.6735, 0.6735, 0.6706, 0.6686, 0.6706, 0.6706, 0.6706]

Plane 1 Max point (x, z, power): (50, 35, 4.3863)

Plane 3 Max point (x, z, power): (55, 35, 5.1029)

Cross-Plane Search:
Y Voltages: [75, 75, 75, 75, 75, 75]
Power: [5.1029, 5.1029, 5.1029, 5.1029, 5.1029, 5.1029]

Final Max Point (x, y, z, power): (55.0, 75, 35.0, 5.1029

Photodiode readout: 0.267 mW

Plane 1:
X Voltages: [0, 5, 10, 15, 20, 25, 30, 35, 40, 45, 50, 55, 60, 65, 70, 0, 5, 10, 15, 20, 25, 30, 35, 40, 45, 50, 55, 60, 65, 70, 0, 5, 10, 15, 20, 25, 30, 35, 40, 45, 50, 55, 60, 65, 70, 0, 5, 10, 15, 20, 25, 30, 35, 40, 45, 50, 55, 60, 65, 70, 0, 5, 10, 15, 20, 25, 30, 35, 40, 45, 50, 55, 60, 65, 70, 0, 5, 10, 15, 20, 25, 30, 35, 40, 45, 50, 55, 60, 65, 70, 0, 5, 10, 15, 20, 25, 30, 35, 40, 45, 50, 55, 60, 65, 70, 0, 5, 10, 15, 20, 25, 30, 35, 40, 45, 50, 55, 60, 65, 70, 0, 5, 10, 15, 20, 25, 30, 35, 40, 45, 50, 55, 60, 65, 70, 0, 5, 10, 15, 20, 25, 30, 35, 40, 45, 50, 55, 60, 65, 70, 0, 5, 10, 15, 20, 25, 30, 35, 40, 45, 50, 55, 60, 65, 70, 0, 5, 10, 15, 20, 25, 30, 35, 40, 45, 50, 55, 60, 65, 70, 0, 5, 10, 15, 20, 25, 30, 35, 40, 45, 50, 55, 60, 65, 70, 0, 5, 10, 15, 20, 25, 30, 35, 40, 45, 50, 55, 60, 65, 70, 0, 5, 10, 15, 20, 25, 30, 35, 40, 45, 50, 55, 60, 65, 70]
Z Voltages: [0, 0, 0, 0, 0, 0, 0, 0, 0, 0, 0, 0, 0, 0, 0, 5, 5, 5, 5, 5, 5, 5, 5, 5, 5, 5, 5, 5, 5, 5, 10, 10, 10, 10, 10, 10, 10, 10, 10, 10, 10, 10, 10, 10, 10, 15, 15, 15, 15, 15, 15, 15, 15, 15, 15, 15, 15, 15, 15, 15, 20, 20, 20, 20, 20, 20, 20, 20, 20, 20, 20, 20, 20, 20, 20, 25, 25, 25, 25, 25, 25, 25, 25, 25, 25, 25, 25, 25, 25, 25, 30, 30, 30, 30, 30, 30, 30, 30, 30, 30, 30, 30, 30, 30, 30, 35, 35, 35, 35, 35, 35, 35, 35, 35, 35, 35, 35, 35, 35, 35, 40, 40, 40, 40, 40, 40, 40, 40, 40, 40, 40, 40, 40, 40, 40, 45, 45, 45, 45, 45, 45, 45, 45, 45, 45, 45, 45, 45, 45, 45, 50, 50, 50, 50, 50, 50, 50, 50, 50, 50, 50, 50, 50, 50, 50, 55, 55, 55, 55, 55, 55, 55, 55, 55, 55, 55, 55, 55, 55, 55, 60, 60, 60, 60, 60, 60, 60, 60, 60, 60, 60, 60, 60, 60, 60, 65, 65, 65, 65, 65, 65, 65, 65, 65, 65, 65, 65, 65, 65, 65, 70, 70, 70, 70, 70, 70, 70, 70, 70, 70, 70, 70, 70, 70, 70]
Power: [0.3324, 0.6863, 0.6725, 0.6765, 0.6745, 0.6716, 0.6637, 0.6559, 0.6559, 0.648, 0.65, 0.6353, 0.6392, 0.6471, 0.6333, 0.6608, 0.6765, 0.6725, 0.6735, 0.6657, 0.6569, 0.6578, 0.649, 0.6412, 0.6333, 0.6265, 0.6147, 0.6225, 0.6078, 0.6098, 0.6676, 0.6716, 0.6667, 0.648, 0.6569, 0.6569, 0.6461, 0.6686, 0.6618, 0.6598, 0.6529, 0.6314, 0.6255, 0.6147, 0.6147, 0.6588, 0.6716, 0.6637, 0.6735, 0.6608, 0.6765, 0.6716, 0.6578, 0.6324, 0.6255, 0.6127, 0.6078, 0.5814, 0.5637, 0.5755, 0.6314, 0.6647, 0.6598, 0.6676, 0.6353, 0.5863, 0.4922, 0.3392, 0.15, 0.0618, 0.0441, 0.1422, 0.3373, 0.4294, 0.5, 0.6225, 0.6657, 0.6392, 0.6137, 0.5059, 0.2363, 0.1686, 0.8255, 1.4804, 1.751, 1.7578, 1.2941, 0.5304, 0.0196, 0.298, 0.4627, 0.6343, 0.6, 0.4775, 0.2412, 0.0775, 0.9657, 2.1824, 3.248, 4.1176, 4.0922, 3.3353, 2.249, 0.8912, 0.1431, 0.4382, 0.6245, 0.5902, 0.4814, 0.2088, 0.2549, 0.8108, 2.3098, 3.4167, 4.1569, 4.3412, 3.8373, 2.7784, 0.9667, 0.1637, 0.4676, 0.6353, 0.6069, 0.5412, 0.3961, 0.1373, 0.2853, 0.8471, 1.6745, 2.0725, 2.1098, 1.6765, 1.002, 0.4569, 0.2294, 0.5853, 0.6559, 0.6275, 0.6078, 0.5529, 0.4588, 0.3333, 0.1225, 0.0059, 0.1422, 0.1157, 0.048, 0.2431, 0.4049, 0.5029, 0.6461, 0.6559, 0.6363, 0.6373, 0.6167, 0.6049, 0.5716, 0.5578, 0.549, 0.5451, 0.5725, 0.5961, 0.6451, 0.6667, 0.6559, 0.6686, 0.6608, 0.6676, 0.6539, 0.6382, 0.6353, 0.6265, 0.6333, 0.6304, 0.6363, 0.6422, 0.6588, 0.6539, 0.648, 0.6431, 0.6608, 0.6676, 0.6725, 0.6647, 0.6637, 0.652, 0.6471, 0.6676, 0.651, 0.649, 0.6549, 0.6559, 0.652, 0.6471, 0.648, 0.6686, 0.6755, 0.6696, 0.6716, 0.6804, 0.6804, 0.6696, 0.6745, 0.6637, 0.6725, 0.6725, 0.6627, 0.6627, 0.6598, 0.6618, 0.6696, 0.6706, 0.6716, 0.6794, 0.6745, 0.6745, 0.6725, 0.6637, 0.6696, 0.6775, 0.6755, 0.6637, 0.6843, 0.6735, 0.6775]

Plane 3:
X Voltages: [0, 5, 10, 15, 20, 25, 30, 35, 40, 45, 50, 55, 60, 65, 70, 0, 5, 10, 15, 20, 25, 30, 35, 40, 45, 50, 55, 60, 65, 70, 0, 5, 10, 15, 20, 25, 30, 35, 40, 45, 50, 55, 60, 65, 70, 0, 5, 10, 15, 20, 25, 30, 35, 40, 45, 50, 55, 60, 65, 70, 0, 5, 10, 15, 20, 25, 30, 35, 40, 45, 50, 55, 60, 65, 70, 0, 5, 10, 15, 20, 25, 30, 35, 40, 45, 50, 55, 60, 65, 70, 0, 5, 10, 15, 20, 25, 30, 35, 40, 45, 50, 55, 60, 65, 70, 0, 5, 10, 15, 20, 25, 30, 35, 40, 45, 50, 55, 60, 65, 70, 0, 5, 10, 15, 20, 25, 30, 35, 40, 45, 50, 55, 60, 65, 70, 0, 5, 10, 15, 20, 25, 30, 35, 40, 45, 50, 55, 60, 65, 70, 0, 5, 10, 15, 20, 25, 30, 35, 40, 45, 50, 55, 60, 65, 70, 0, 5, 10, 15, 20, 25, 30, 35, 40, 45, 50, 55, 60, 65, 70, 0, 5, 10, 15, 20, 25, 30, 35, 40, 45, 50, 55, 60, 65, 70, 0, 5, 10, 15, 20, 25, 30, 35, 40, 45, 50, 55, 60, 65, 70, 0, 5, 10, 15, 20, 25, 30, 35, 40, 45, 50, 55, 60, 65, 70]
Z Voltages: [0, 0, 0, 0, 0, 0, 0, 0, 0, 0, 0, 0, 0, 0, 0, 5, 5, 5, 5, 5, 5, 5, 5, 5, 5, 5, 5, 5, 5, 5, 10, 10, 10, 10, 10, 10, 10, 10, 10, 10, 10, 10, 10, 10, 10, 15, 15, 15, 15, 15, 15, 15, 15, 15, 15, 15, 15, 15, 15, 15, 20, 20, 20, 20, 20, 20, 20, 20, 20, 20, 20, 20, 20, 20, 20, 25, 25, 25, 25, 25, 25, 25, 25, 25, 25, 25, 25, 25, 25, 25, 30, 30, 30, 30, 30, 30, 30, 30, 30, 30, 30, 30, 30, 30, 30, 35, 35, 35, 35, 35, 35, 35, 35, 35, 35, 35, 35, 35, 35, 35, 40, 40, 40, 40, 40, 40, 40, 40, 40, 40, 40, 40, 40, 40, 40, 45, 45, 45, 45, 45, 45, 45, 45, 45, 45, 45, 45, 45, 45, 45, 50, 50, 50, 50, 50, 50, 50, 50, 50, 50, 50, 50, 50, 50, 50, 55, 55, 55, 55, 55, 55, 55, 55, 55, 55, 55, 55, 55, 55, 55, 60, 60, 60, 60, 60, 60, 60, 60, 60, 60, 60, 60, 60, 60, 60, 65, 65, 65, 65, 65, 65, 65, 65, 65, 65, 65, 65, 65, 65, 65, 70, 70, 70, 70, 70, 70, 70, 70, 70, 70, 70, 70, 70, 70, 70]
Power: [0.6647, 0.6755, 0.6775, 0.6745, 0.6725, 0.6735, 0.6667, 0.6755, 0.6775, 0.6657, 0.6608, 0.6637, 0.6667, 0.6657, 0.6765, 0.6706, 0.6824, 0.6647, 0.6775, 0.6775, 0.6716, 0.6627, 0.6539, 0.6412, 0.6392, 0.6265, 0.6363, 0.6373, 0.6441, 0.6373, 0.6863, 0.6745, 0.6676, 0.6706, 0.6716, 0.6451, 0.6422, 0.6412, 0.6255, 0.6265, 0.6412, 0.6294, 0.6127, 0.6216, 0.6049, 0.6569, 0.6794, 0.6745, 0.6578, 0.6461, 0.6412, 0.6539, 0.651, 0.6539, 0.651, 0.6765, 0.6637, 0.6529, 0.6186, 0.5902, 0.6294, 0.6578, 0.6461, 0.6451, 0.6402, 0.6314, 0.5971, 0.551, 0.4794, 0.4167, 0.4275, 0.448, 0.5539, 0.6225, 0.6186, 0.6431, 0.6588, 0.6382, 0.6196, 0.5902, 0.5304, 0.3706, 0.0108, 0.4216, 0.9235, 1.1275, 1.0451, 0.7618, 0.0167, 0.3716, 0.5961, 0.65, 0.6284, 0.5755, 0.4951, 0.2951, 0.1873, 0.7775, 1.7304, 3.3618, 4.0461, 4.0755, 3.398, 2.2157, 0.651, 0.5431, 0.6422, 0.6167, 0.5667, 0.4324, 0.1794, 0.4265, 1.299, 2.4853, 4.1784, 5.052, 5.151, 4.1569, 2.6471, 1.4608, 0.5618, 0.6402, 0.6216, 0.5686, 0.4931, 0.2843, 0.0951, 0.6392, 1.3725, 2.1196, 2.6882, 2.7608, 2.0118, 1.0382, 0.2186, 0.4569, 0.6578, 0.6265, 0.5912, 0.5275, 0.451, 0.2765, 0.0882, 0.151, 0.4196, 0.4765, 0.3745, 0.0422, 0.3569, 0.5451, 0.6529, 0.6608, 0.6441, 0.6088, 0.5882, 0.5559, 0.5118, 0.451, 0.4265, 0.4206, 0.4461, 0.5118, 0.5814, 0.6314, 0.6608, 0.6608, 0.6529, 0.6618, 0.652, 0.6265, 0.6216, 0.6186, 0.5843, 0.5902, 0.5686, 0.5784, 0.6, 0.6216, 0.6392, 0.6471, 0.6745, 0.6814, 0.6735, 0.6784, 0.6637, 0.6716, 0.6559, 0.6618, 0.6529, 0.6539, 0.65, 0.648, 0.6471, 0.648, 0.6382, 0.6735, 0.6647, 0.6765, 0.6745, 0.6843, 0.6833, 0.6716, 0.6804, 0.6676, 0.6775, 0.6706, 0.6716, 0.6804, 0.6716, 0.6755, 0.6765, 0.6833, 0.6814, 0.6755, 0.6853, 0.6833, 0.6686, 0.6716, 0.6755, 0.6863, 0.6765, 0.6833, 0.6882, 0.6833, 0.6833]

Plane 1 Max point (x, z, power): (50, 35, 4.3412)

Plane 3 Max point (x, z, power): (55, 35, 5.151)

Cross-Plane Search:
Y Voltages: [75, 75, 75, 75, 75, 75]
Power: [5.151, 5.151, 5.151, 5.151, 5.151, 5.151]

Final Max Point (x, y, z, power): (55.0, 75, 35.0, 5.151

Photodiode readout: 0.282 mW

Plane 1:
X Voltages: [0, 5, 10, 15, 20, 25, 30, 35, 40, 45, 50, 55, 60, 65, 70, 0, 5, 10, 15, 20, 25, 30, 35, 40, 45, 50, 55, 60, 65, 70, 0, 5, 10, 15, 20, 25, 30, 35, 40, 45, 50, 55, 60, 65, 70, 0, 5, 10, 15, 20, 25, 30, 35, 40, 45, 50, 55, 60, 65, 70, 0, 5, 10, 15, 20, 25, 30, 35, 40, 45, 50, 55, 60, 65, 70, 0, 5, 10, 15, 20, 25, 30, 35, 40, 45, 50, 55, 60, 65, 70, 0, 5, 10, 15, 20, 25, 30, 35, 40, 45, 50, 55, 60, 65, 70, 0, 5, 10, 15, 20, 25, 30, 35, 40, 45, 50, 55, 60, 65, 70, 0, 5, 10, 15, 20, 25, 30, 35, 40, 45, 50, 55, 60, 65, 70, 0, 5, 10, 15, 20, 25, 30, 35, 40, 45, 50, 55, 60, 65, 70, 0, 5, 10, 15, 20, 25, 30, 35, 40, 45, 50, 55, 60, 65, 70, 0, 5, 10, 15, 20, 25, 30, 35, 40, 45, 50, 55, 60, 65, 70, 0, 5, 10, 15, 20, 25, 30, 35, 40, 45, 50, 55, 60, 65, 70, 0, 5, 10, 15, 20, 25, 30, 35, 40, 45, 50, 55, 60, 65, 70, 0, 5, 10, 15, 20, 25, 30, 35, 40, 45, 50, 55, 60, 65, 70]
Z Voltages: [0, 0, 0, 0, 0, 0, 0, 0, 0, 0, 0, 0, 0, 0, 0, 5, 5, 5, 5, 5, 5, 5, 5, 5, 5, 5, 5, 5, 5, 5, 10, 10, 10, 10, 10, 10, 10, 10, 10, 10, 10, 10, 10, 10, 10, 15, 15, 15, 15, 15, 15, 15, 15, 15, 15, 15, 15, 15, 15, 15, 20, 20, 20, 20, 20, 20, 20, 20, 20, 20, 20, 20, 20, 20, 20, 25, 25, 25, 25, 25, 25, 25, 25, 25, 25, 25, 25, 25, 25, 25, 30, 30, 30, 30, 30, 30, 30, 30, 30, 30, 30, 30, 30, 30, 30, 35, 35, 35, 35, 35, 35, 35, 35, 35, 35, 35, 35, 35, 35, 35, 40, 40, 40, 40, 40, 40, 40, 40, 40, 40, 40, 40, 40, 40, 40, 45, 45, 45, 45, 45, 45, 45, 45, 45, 45, 45, 45, 45, 45, 45, 50, 50, 50, 50, 50, 50, 50, 50, 50, 50, 50, 50, 50, 50, 50, 55, 55, 55, 55, 55, 55, 55, 55, 55, 55, 55, 55, 55, 55, 55, 60, 60, 60, 60, 60, 60, 60, 60, 60, 60, 60, 60, 60, 60, 60, 65, 65, 65, 65, 65, 65, 65, 65, 65, 65, 65, 65, 65, 65, 65, 70, 70, 70, 70, 70, 70, 70, 70, 70, 70, 70, 70, 70, 70, 70]
Power: [0.2069, 0.6755, 0.6843, 0.6725, 0.6686, 0.6765, 0.6637, 0.6578, 0.6578, 0.6618, 0.652, 0.648, 0.6392, 0.6412, 0.6471, 0.6676, 0.6833, 0.6696, 0.6706, 0.6471, 0.6559, 0.6539, 0.6431, 0.6392, 0.6304, 0.6373, 0.6216, 0.6186, 0.6088, 0.6, 0.6618, 0.6686, 0.6598, 0.6676, 0.6618, 0.6549, 0.652, 0.6578, 0.6608, 0.6598, 0.6529, 0.6441, 0.6127, 0.6078, 0.5882, 0.651, 0.6608, 0.6637, 0.6598, 0.6667, 0.6725, 0.6696, 0.6637, 0.6392, 0.6225, 0.6098, 0.6029, 0.5882, 0.5814, 0.5686, 0.6539, 0.6716, 0.6667, 0.6667, 0.6343, 0.5765, 0.4794, 0.3373, 0.1843, 0.0255, 0.0392, 0.1441, 0.3255, 0.4373, 0.4902, 0.6284, 0.6559, 0.65, 0.602, 0.5186, 0.2686, 0.1794, 0.7284, 1.4088, 1.6873, 1.7333, 1.3206, 0.6206, 0.0755, 0.2657, 0.452, 0.649, 0.6049, 0.5039, 0.2902, 0.0304, 0.6686, 2.1196, 3.1804, 4.0765, 4.1363, 3.649, 2.25, 0.8951, 0.1539, 0.4245, 0.6402, 0.5892, 0.5, 0.2392, 0.1843, 0.8873, 2.1951, 3.2941, 4.0971, 4.3363, 3.6863, 2.7814, 0.9931, 0.1961, 0.4657, 0.6392, 0.6275, 0.5451, 0.4118, 0.1559, 0.2392, 0.8039, 1.3206, 2.0647, 2.101, 1.6363, 0.9676, 0.399, 0.2039, 0.6127, 0.648, 0.6333, 0.6147, 0.5598, 0.4941, 0.3618, 0.199, 0.0441, 0.1196, 0.1029, 0.0225, 0.2471, 0.4265, 0.5186, 0.6608, 0.6696, 0.651, 0.6304, 0.6147, 0.6029, 0.5794, 0.5549, 0.5422, 0.548, 0.5696, 0.6078, 0.648, 0.6637, 0.6676, 0.6716, 0.6755, 0.6706, 0.6588, 0.649, 0.6451, 0.6441, 0.6402, 0.6363, 0.6333, 0.6451, 0.6608, 0.6608, 0.649, 0.651, 0.6706, 0.6647, 0.6647, 0.6696, 0.6706, 0.6598, 0.6627, 0.6598, 0.6549, 0.6647, 0.6539, 0.6647, 0.6686, 0.6608, 0.6559, 0.6755, 0.6775, 0.6794, 0.6725, 0.6775, 0.6775, 0.6725, 0.6765, 0.6755, 0.6676, 0.6676, 0.6716, 0.6794, 0.6647, 0.6735, 0.6706, 0.6725, 0.6804, 0.6735, 0.6745, 0.6735, 0.6755, 0.6735, 0.6833, 0.6775, 0.6843, 0.6735, 0.6706, 0.6686, 0.6765]

Plane 3:
X Voltages: [0, 5, 10, 15, 20, 25, 30, 35, 40, 45, 50, 55, 60, 65, 70, 0, 5, 10, 15, 20, 25, 30, 35, 40, 45, 50, 55, 60, 65, 70, 0, 5, 10, 15, 20, 25, 30, 35, 40, 45, 50, 55, 60, 65, 70, 0, 5, 10, 15, 20, 25, 30, 35, 40, 45, 50, 55, 60, 65, 70, 0, 5, 10, 15, 20, 25, 30, 35, 40, 45, 50, 55, 60, 65, 70, 0, 5, 10, 15, 20, 25, 30, 35, 40, 45, 50, 55, 60, 65, 70, 0, 5, 10, 15, 20, 25, 30, 35, 40, 45, 50, 55, 60, 65, 70, 0, 5, 10, 15, 20, 25, 30, 35, 40, 45, 50, 55, 60, 65, 70, 0, 5, 10, 15, 20, 25, 30, 35, 40, 45, 50, 55, 60, 65, 70, 0, 5, 10, 15, 20, 25, 30, 35, 40, 45, 50, 55, 60, 65, 70, 0, 5, 10, 15, 20, 25, 30, 35, 40, 45, 50, 55, 60, 65, 70, 0, 5, 10, 15, 20, 25, 30, 35, 40, 45, 50, 55, 60, 65, 70, 0, 5, 10, 15, 20, 25, 30, 35, 40, 45, 50, 55, 60, 65, 70, 0, 5, 10, 15, 20, 25, 30, 35, 40, 45, 50, 55, 60, 65, 70, 0, 5, 10, 15, 20, 25, 30, 35, 40, 45, 50, 55, 60, 65, 70]
Z Voltages: [0, 0, 0, 0, 0, 0, 0, 0, 0, 0, 0, 0, 0, 0, 0, 5, 5, 5, 5, 5, 5, 5, 5, 5, 5, 5, 5, 5, 5, 5, 10, 10, 10, 10, 10, 10, 10, 10, 10, 10, 10, 10, 10, 10, 10, 15, 15, 15, 15, 15, 15, 15, 15, 15, 15, 15, 15, 15, 15, 15, 20, 20, 20, 20, 20, 20, 20, 20, 20, 20, 20, 20, 20, 20, 20, 25, 25, 25, 25, 25, 25, 25, 25, 25, 25, 25, 25, 25, 25, 25, 30, 30, 30, 30, 30, 30, 30, 30, 30, 30, 30, 30, 30, 30, 30, 35, 35, 35, 35, 35, 35, 35, 35, 35, 35, 35, 35, 35, 35, 35, 40, 40, 40, 40, 40, 40, 40, 40, 40, 40, 40, 40, 40, 40, 40, 45, 45, 45, 45, 45, 45, 45, 45, 45, 45, 45, 45, 45, 45, 45, 50, 50, 50, 50, 50, 50, 50, 50, 50, 50, 50, 50, 50, 50, 50, 55, 55, 55, 55, 55, 55, 55, 55, 55, 55, 55, 55, 55, 55, 55, 60, 60, 60, 60, 60, 60, 60, 60, 60, 60, 60, 60, 60, 60, 60, 65, 65, 65, 65, 65, 65, 65, 65, 65, 65, 65, 65, 65, 65, 65, 70, 70, 70, 70, 70, 70, 70, 70, 70, 70, 70, 70, 70, 70, 70]
Power: [0.6824, 0.6745, 0.6824, 0.6931, 0.6775, 0.6814, 0.6696, 0.6706, 0.6735, 0.6667, 0.6539, 0.6667, 0.6608, 0.6725, 0.6618, 0.6696, 0.6931, 0.6637, 0.6627, 0.6735, 0.6598, 0.6549, 0.6559, 0.6422, 0.6441, 0.6412, 0.6373, 0.6363, 0.6314, 0.6461, 0.6775, 0.6853, 0.6794, 0.6618, 0.6598, 0.6578, 0.6441, 0.6363, 0.6373, 0.6304, 0.6343, 0.6333, 0.6373, 0.6245, 0.6245, 0.6676, 0.6676, 0.6657, 0.6529, 0.652, 0.6412, 0.648, 0.6451, 0.6647, 0.6569, 0.6735, 0.6667, 0.65, 0.6265, 0.5873, 0.6324, 0.6716, 0.6696, 0.6569, 0.652, 0.6412, 0.6206, 0.5627, 0.498, 0.448, 0.4412, 0.4716, 0.5608, 0.6235, 0.6137, 0.6382, 0.6471, 0.648, 0.6373, 0.601, 0.5284, 0.3696, 0.1441, 0.4735, 0.8941, 1.2196, 1.1167, 0.852, 0.1216, 0.3078, 0.5578, 0.6471, 0.6304, 0.5951, 0.5, 0.3157, 0.1735, 0.7373, 1.6951, 3.0971, 4.0186, 4.0676, 3.3824, 2.2333, 0.6951, 0.3667, 0.648, 0.6098, 0.5725, 0.4255, 0.1971, 0.2667, 1.2471, 2.4412, 3.4539, 4.9833, 5.1618, 4.2363, 2.6745, 1.4961, 0.3225, 0.6461, 0.6157, 0.5608, 0.4873, 0.3647, 0.0118, 0.6373, 1.3627, 2.1039, 2.6559, 2.7196, 1.9931, 1.0324, 0.2, 0.4627, 0.6667, 0.6382, 0.6, 0.549, 0.4745, 0.3784, 0.1284, 0.0873, 0.3049, 0.3667, 0.301, 0.052, 0.3569, 0.55, 0.6608, 0.6686, 0.6539, 0.6265, 0.6078, 0.5618, 0.5294, 0.4755, 0.4422, 0.4324, 0.452, 0.5186, 0.5775, 0.6559, 0.6725, 0.6725, 0.6627, 0.6618, 0.6618, 0.649, 0.6373, 0.6186, 0.601, 0.5833, 0.5824, 0.5931, 0.6118, 0.6353, 0.6382, 0.6637, 0.6657, 0.6814, 0.6667, 0.6814, 0.6676, 0.6686, 0.6667, 0.6647, 0.6608, 0.6402, 0.6363, 0.65, 0.6451, 0.649, 0.6598, 0.6676, 0.6686, 0.6794, 0.6775, 0.6745, 0.6725, 0.6784, 0.6745, 0.6745, 0.6725, 0.6627, 0.6725, 0.6716, 0.6814, 0.6755, 0.6676, 0.6725, 0.6745, 0.6824, 0.6755, 0.6755, 0.6725, 0.6784, 0.6784, 0.6725, 0.6784, 0.6814, 0.6637, 0.6824, 0.6696]

Plane 1 Max point (x, z, power): (50, 35, 4.3363)

Plane 3 Max point (x, z, power): (55, 35, 5.1618)

Cross-Plane Search:
Y Voltages: [75, 75, 75, 75, 75, 75]
Power: [5.1618, 5.1618, 5.1618, 5.1618, 5.1618, 5.1618]

Final Max Point (x, y, z, power): (55.0, 75, 35.0, 5.1618

Photodiode readout: 0.277 mW

Continuous Search (Subplots 1-5):
Powers: [1.8539, 2.2412, 2.3039, 2.3735, 2.5118]
(53.856, 73.808, 33.526, 2.512)
Photodiode readout: 0.428 mW

Continuous Search (Subplots 1-5):
Powers: [3.0804, 3.3902, 3.4853, 3.6137, 3.6451]
(53.285, 73.882, 32.028, 3.645)
Photodiode readout: 0.544 mW

Continuous Search (Subplots 1-5):
Powers: [3.8039, 3.9618, 4.0422, 4.051, 4.0951]
(52.387, 73.794, 31.162, 4.095)
Photodiode readout: 0.588 mW

Continuous Search (Subplots 1-5):
Powers: [4.2863, 4.45, 4.5333, 4.5422, 4.6137]
(50.921, 73.685, 30.295, 4.614)
Photodiode readout: 0.657 mW

Continuous Search (Subplots 1-5):
Powers: [4.9382, 5.0216, 5.0549, 5.0578, 5.0824]
(49.863, 73.643, 28.942, 5.082)
Photodiode readout: 0.735 mW

Continuous Search (Subplots 1-5):
Powers: [5.2343, 5.2931, 5.301, 5.3049, 5.3206]
(48.447, 73.842, 28.280, 5.321)
Photodiode readout: 0.758 mW

Continuous Search (Subplots 1-5):
Powers: [5.3314, 5.3569, 5.3578, 5.3824, 5.3824]
(46.968, 72.618, 27.842, 5.382)
Photodiode readout: 0.769 mW

Continuous Search (Subplots 1-5):
Powers: [5.3667, 5.3833, 5.3863, 5.3863, 5.3863]
(45.780, 73.410, 27.950, 5.386)
Photodiode readout: 0.778 mW
