y_0_s_5
X Voltages: [0, 5, 10, 15, 20, 25, 30, 35, 40, 45, 50, 55, 60, 65, 70, 0, 5, 10, 15, 20, 25, 30, 35, 40, 45, 50, 55, 60, 65, 70, 0, 5, 10, 15, 20, 25, 30, 35, 40, 45, 50, 55, 60, 65, 70, 0, 5, 10, 15, 20, 25, 30, 35, 40, 45, 50, 55, 60, 65, 70, 0, 5, 10, 15, 20, 25, 30, 35, 40, 45, 50, 55, 60, 65, 70, 0, 5, 10, 15, 20, 25, 30, 35, 40, 45, 50, 55, 60, 65, 70, 0, 5, 10, 15, 20, 25, 30, 35, 40, 45, 50, 55, 60, 65, 70, 0, 5, 10, 15, 20, 25, 30, 35, 40, 45, 50, 55, 60, 65, 70, 0, 5, 10, 15, 20, 25, 30, 35, 40, 45, 50, 55, 60, 65, 70, 0, 5, 10, 15, 20, 25, 30, 35, 40, 45, 50, 55, 60, 65, 70, 0, 5, 10, 15, 20, 25, 30, 35, 40, 45, 50, 55, 60, 65, 70, 0, 5, 10, 15, 20, 25, 30, 35, 40, 45, 50, 55, 60, 65, 70, 0, 5, 10, 15, 20, 25, 30, 35, 40, 45, 50, 55, 60, 65, 70, 0, 5, 10, 15, 20, 25, 30, 35, 40, 45, 50, 55, 60, 65, 70, 0, 5, 10, 15, 20, 25, 30, 35, 40, 45, 50, 55, 60, 65, 70]
Z Voltages: [0, 0, 0, 0, 0, 0, 0, 0, 0, 0, 0, 0, 0, 0, 0, 5, 5, 5, 5, 5, 5, 5, 5, 5, 5, 5, 5, 5, 5, 5, 10, 10, 10, 10, 10, 10, 10, 10, 10, 10, 10, 10, 10, 10, 10, 15, 15, 15, 15, 15, 15, 15, 15, 15, 15, 15, 15, 15, 15, 15, 20, 20, 20, 20, 20, 20, 20, 20, 20, 20, 20, 20, 20, 20, 20, 25, 25, 25, 25, 25, 25, 25, 25, 25, 25, 25, 25, 25, 25, 25, 30, 30, 30, 30, 30, 30, 30, 30, 30, 30, 30, 30, 30, 30, 30, 35, 35, 35, 35, 35, 35, 35, 35, 35, 35, 35, 35, 35, 35, 35, 40, 40, 40, 40, 40, 40, 40, 40, 40, 40, 40, 40, 40, 40, 40, 45, 45, 45, 45, 45, 45, 45, 45, 45, 45, 45, 45, 45, 45, 45, 50, 50, 50, 50, 50, 50, 50, 50, 50, 50, 50, 50, 50, 50, 50, 55, 55, 55, 55, 55, 55, 55, 55, 55, 55, 55, 55, 55, 55, 55, 60, 60, 60, 60, 60, 60, 60, 60, 60, 60, 60, 60, 60, 60, 60, 65, 65, 65, 65, 65, 65, 65, 65, 65, 65, 65, 65, 65, 65, 65, 70, 70, 70, 70, 70, 70, 70, 70, 70, 70, 70, 70, 70, 70, 70]
Power: [1.5225, 1.0843, 1.098, 1.1235, 1.1314, 1.0549, 0.9902, 0.9608, 0.9627, 0.9765, 0.9559, 0.8539, 0.7225, 0.6343, 0.6, 1.101, 1.2324, 1.2882, 1.3078, 1.3098, 1.3118, 1.2882, 1.2647, 1.2078, 1.1559, 1.1304, 1.0539, 0.9176, 0.7775, 0.7029, 1.2147, 1.4735, 1.5441, 1.5676, 1.5735, 1.6029, 1.6451, 1.6667, 1.6343, 1.5324, 1.3833, 1.2422, 1.1451, 0.9529, 0.8255, 1.6912, 1.9745, 1.9745, 1.9608, 1.9716, 1.9931, 2.052, 2.0716, 2.1373, 2.0843, 1.8853, 1.6843, 1.4402, 1.2431, 1.0324, 2.3108, 2.5137, 2.4735, 2.4451, 2.4088, 2.4902, 2.6304, 2.7745, 2.8451, 2.75, 2.5039, 2.2627, 2.0245, 1.749, 1.5382, 3.1745, 3.3304, 3.4637, 3.6255, 3.7127, 3.7294, 3.6863, 3.7627, 3.9294, 3.9402, 3.6539, 2.9598, 2.5755, 2.3284, 2.1382, 3.9882, 5.0137, 5.4451, 6.0225, 6.2245, 6.1108, 5.9363, 5.4108, 5.0794, 4.851, 4.3422, 3.9098, 3.1098, 2.7167, 2.552, 6.2873, 7.2971, 7.7725, 8.2814, 8.4578, 8.0598, 7.5412, 7.1206, 6.4216, 5.8157, 5.151, 4.2833, 3.8559, 3.1598, 2.848, 9.7539, 10.6314, 10.9951, 11.2098, 10.6529, 9.849, 8.5716, 7.6098, 7.1216, 6.6196, 5.9422, 5.2706, 4.4441, 3.8931, 3.4745, 11.7735, 13.8588, 13.7451, 13.5157, 12.7794, 11.1667, 9.8441, 8.5647, 7.7549, 7.2304, 6.8108, 6.2647, 5.6255, 4.8216, 4.0784, 11.2912, 15.8108, 15.7725, 15.4451, 14.7284, 13.5765, 11.5775, 10.0696, 8.9078, 8.0784, 7.4804, 7.0784, 6.5108, 5.9637, 5.2402, 15.5431, 16.7039, 16.648, 16.601, 16.2108, 15.3873, 14.2324, 12.7127, 10.5255, 9.2186, 8.1353, 7.3706, 6.9255, 6.2941, 5.8412, 16.3314, 18.9412, 18.8137, 18.6784, 18.1235, 17.1549, 16.0637, 14.5206, 13.3578, 10.8098, 9.0539, 7.6343, 6.8422, 6.2559, 5.9225, 21.2735, 23.3176, 23.1853, 22.9402, 22.5382, 20.9833, 19.1343, 17.5343, 15.5598, 13.8431, 10.8392, 8.9745, 7.4392, 6.4667, 5.8284, 17.1706, 28.9814, 28.7118, 28.4941, 27.849, 26.7725, 24.8853, 21.7069, 19.2059, 16.2971, 14.2892, 11.5667, 8.8245, 7.2275, 6.1578]
Max power: 28.9814
X position: 5
Z position: 70

y_25_s_5
X Voltages: [0, 5, 10, 15, 20, 25, 30, 35, 40, 45, 50, 55, 60, 65, 70, 0, 5, 10, 15, 20, 25, 30, 35, 40, 45, 50, 55, 60, 65, 70, 0, 5, 10, 15, 20, 25, 30, 35, 40, 45, 50, 55, 60, 65, 70, 0, 5, 10, 15, 20, 25, 30, 35, 40, 45, 50, 55, 60, 65, 70, 0, 5, 10, 15, 20, 25, 30, 35, 40, 45, 50, 55, 60, 65, 70, 0, 5, 10, 15, 20, 25, 30, 35, 40, 45, 50, 55, 60, 65, 70, 0, 5, 10, 15, 20, 25, 30, 35, 40, 45, 50, 55, 60, 65, 70, 0, 5, 10, 15, 20, 25, 30, 35, 40, 45, 50, 55, 60, 65, 70, 0, 5, 10, 15, 20, 25, 30, 35, 40, 45, 50, 55, 60, 65, 70, 0, 5, 10, 15, 20, 25, 30, 35, 40, 45, 50, 55, 60, 65, 70, 0, 5, 10, 15, 20, 25, 30, 35, 40, 45, 50, 55, 60, 65, 70, 0, 5, 10, 15, 20, 25, 30, 35, 40, 45, 50, 55, 60, 65, 70, 0, 5, 10, 15, 20, 25, 30, 35, 40, 45, 50, 55, 60, 65, 70, 0, 5, 10, 15, 20, 25, 30, 35, 40, 45, 50, 55, 60, 65, 70, 0, 5, 10, 15, 20, 25, 30, 35, 40, 45, 50, 55, 60, 65, 70]
Z Voltages: [0, 0, 0, 0, 0, 0, 0, 0, 0, 0, 0, 0, 0, 0, 0, 5, 5, 5, 5, 5, 5, 5, 5, 5, 5, 5, 5, 5, 5, 5, 10, 10, 10, 10, 10, 10, 10, 10, 10, 10, 10, 10, 10, 10, 10, 15, 15, 15, 15, 15, 15, 15, 15, 15, 15, 15, 15, 15, 15, 15, 20, 20, 20, 20, 20, 20, 20, 20, 20, 20, 20, 20, 20, 20, 20, 25, 25, 25, 25, 25, 25, 25, 25, 25, 25, 25, 25, 25, 25, 25, 30, 30, 30, 30, 30, 30, 30, 30, 30, 30, 30, 30, 30, 30, 30, 35, 35, 35, 35, 35, 35, 35, 35, 35, 35, 35, 35, 35, 35, 35, 40, 40, 40, 40, 40, 40, 40, 40, 40, 40, 40, 40, 40, 40, 40, 45, 45, 45, 45, 45, 45, 45, 45, 45, 45, 45, 45, 45, 45, 45, 50, 50, 50, 50, 50, 50, 50, 50, 50, 50, 50, 50, 50, 50, 50, 55, 55, 55, 55, 55, 55, 55, 55, 55, 55, 55, 55, 55, 55, 55, 60, 60, 60, 60, 60, 60, 60, 60, 60, 60, 60, 60, 60, 60, 60, 65, 65, 65, 65, 65, 65, 65, 65, 65, 65, 65, 65, 65, 65, 65, 70, 70, 70, 70, 70, 70, 70, 70, 70, 70, 70, 70, 70, 70, 70]
Power: [1.9451, 0.8853, 0.9578, 0.9824, 1.0069, 1.0225, 1.0029, 1.0176, 1.0471, 1.0618, 1.0725, 1.0333, 0.9598, 0.8627, 0.7902, 0.851, 0.9824, 1.0598, 1.1735, 1.2363, 1.2539, 1.3088, 1.3412, 1.3608, 1.3794, 1.3843, 1.3245, 1.2235, 1.102, 1.0069, 1.148, 1.2824, 1.3951, 1.501, 1.5451, 1.6235, 1.6725, 1.7725, 1.8196, 1.7941, 1.7412, 1.6569, 1.5343, 1.3176, 1.202, 1.6069, 1.7657, 1.8088, 1.852, 1.8971, 1.9255, 2.05, 2.1784, 2.2402, 2.2088, 2.1206, 1.9912, 1.7569, 1.6382, 1.399, 2.0392, 2.1029, 2.1392, 2.1549, 2.2088, 2.2637, 2.5196, 2.7176, 2.899, 2.9814, 2.8735, 2.6686, 2.4598, 2.2088, 1.9529, 2.6186, 2.6755, 2.7392, 2.9706, 3.1696, 3.3078, 3.6627, 3.901, 4.1049, 4.2176, 4.0794, 3.601, 3.1147, 2.8676, 2.6049, 3.2206, 3.5892, 4.1755, 4.7833, 5.2667, 5.5608, 5.6794, 5.7127, 5.6108, 5.3873, 5.0618, 4.4637, 3.9882, 3.2863, 3.0873, 4.9892, 6.0235, 6.6549, 7.5539, 7.9735, 7.9961, 7.7392, 7.349, 6.8745, 6.4931, 5.9098, 4.9863, 4.3686, 3.9873, 3.4922, 7.8529, 9.148, 10.0216, 10.3294, 10.4696, 9.9941, 9.2353, 8.5971, 7.7971, 7.4353, 6.8451, 6.2431, 5.3363, 4.7147, 4.2716, 11.8314, 12.8167, 13.1824, 13.198, 12.7451, 12.1804, 10.6892, 9.7118, 8.9755, 8.3265, 8.0373, 7.7216, 6.9647, 6.2402, 5.5539, 11.6637, 14.5441, 14.8853, 15.0255, 14.6402, 14.052, 13.201, 11.7147, 10.6196, 9.7657, 9.3324, 8.9147, 8.6127, 7.7627, 7.0255, 14.9873, 15.7196, 15.8696, 16.1412, 16.1294, 15.7255, 14.798, 13.9529, 12.2853, 11.2686, 10.0784, 9.3637, 8.8265, 8.3765, 7.7618, 15.4147, 18.0137, 18.1814, 18.2902, 18.2814, 17.902, 16.9461, 15.9902, 14.8206, 13.5176, 11.1255, 9.851, 8.7814, 8.1529, 7.8059, 18.2588, 21.4216, 21.5824, 21.95, 22.0882, 21.4647, 20.6539, 19.0804, 17.548, 15.6794, 12.748, 10.898, 9.3343, 8.051, 7.4804, 20.6961, 26.251, 26.7863, 27.151, 27.2794, 26.7422, 26.0363, 23.8539, 21.8804, 18.8284, 16.1784, 14.0578, 11.0245, 8.9176, 7.7912]
Max power: 27.2794
X position: 20
Z position: 70

y_50_s_5
X Voltages: [0, 5, 10, 15, 20, 25, 30, 35, 40, 45, 50, 55, 60, 65, 70, 0, 5, 10, 15, 20, 25, 30, 35, 40, 45, 50, 55, 60, 65, 70, 0, 5, 10, 15, 20, 25, 30, 35, 40, 45, 50, 55, 60, 65, 70, 0, 5, 10, 15, 20, 25, 30, 35, 40, 45, 50, 55, 60, 65, 70, 0, 5, 10, 15, 20, 25, 30, 35, 40, 45, 50, 55, 60, 65, 70, 0, 5, 10, 15, 20, 25, 30, 35, 40, 45, 50, 55, 60, 65, 70, 0, 5, 10, 15, 20, 25, 30, 35, 40, 45, 50, 55, 60, 65, 70, 0, 5, 10, 15, 20, 25, 30, 35, 40, 45, 50, 55, 60, 65, 70, 0, 5, 10, 15, 20, 25, 30, 35, 40, 45, 50, 55, 60, 65, 70, 0, 5, 10, 15, 20, 25, 30, 35, 40, 45, 50, 55, 60, 65, 70, 0, 5, 10, 15, 20, 25, 30, 35, 40, 45, 50, 55, 60, 65, 70, 0, 5, 10, 15, 20, 25, 30, 35, 40, 45, 50, 55, 60, 65, 70, 0, 5, 10, 15, 20, 25, 30, 35, 40, 45, 50, 55, 60, 65, 70, 0, 5, 10, 15, 20, 25, 30, 35, 40, 45, 50, 55, 60, 65, 70, 0, 5, 10, 15, 20, 25, 30, 35, 40, 45, 50, 55, 60, 65, 70]
Z Voltages: [0, 0, 0, 0, 0, 0, 0, 0, 0, 0, 0, 0, 0, 0, 0, 5, 5, 5, 5, 5, 5, 5, 5, 5, 5, 5, 5, 5, 5, 5, 10, 10, 10, 10, 10, 10, 10, 10, 10, 10, 10, 10, 10, 10, 10, 15, 15, 15, 15, 15, 15, 15, 15, 15, 15, 15, 15, 15, 15, 15, 20, 20, 20, 20, 20, 20, 20, 20, 20, 20, 20, 20, 20, 20, 20, 25, 25, 25, 25, 25, 25, 25, 25, 25, 25, 25, 25, 25, 25, 25, 30, 30, 30, 30, 30, 30, 30, 30, 30, 30, 30, 30, 30, 30, 30, 35, 35, 35, 35, 35, 35, 35, 35, 35, 35, 35, 35, 35, 35, 35, 40, 40, 40, 40, 40, 40, 40, 40, 40, 40, 40, 40, 40, 40, 40, 45, 45, 45, 45, 45, 45, 45, 45, 45, 45, 45, 45, 45, 45, 45, 50, 50, 50, 50, 50, 50, 50, 50, 50, 50, 50, 50, 50, 50, 50, 55, 55, 55, 55, 55, 55, 55, 55, 55, 55, 55, 55, 55, 55, 55, 60, 60, 60, 60, 60, 60, 60, 60, 60, 60, 60, 60, 60, 60, 60, 65, 65, 65, 65, 65, 65, 65, 65, 65, 65, 65, 65, 65, 65, 65, 70, 70, 70, 70, 70, 70, 70, 70, 70, 70, 70, 70, 70, 70, 70]
Power: [2.2588, 0.8206, 0.8598, 0.8696, 0.8853, 0.8578, 0.8157, 0.8176, 0.8118, 0.852, 0.8775, 0.8569, 0.7902, 0.6922, 0.6245, 0.7529, 0.9029, 0.9696, 1.0422, 1.0667, 1.0618, 1.0882, 1.0961, 1.1255, 1.1716, 1.1853, 1.1382, 1.0647, 0.9588, 0.8569, 0.9961, 1.0441, 1.2275, 1.3049, 1.4049, 1.4647, 1.5039, 1.5353, 1.5775, 1.5745, 1.551, 1.4706, 1.3549, 1.199, 1.0569, 1.399, 1.5539, 1.6235, 1.7235, 1.7873, 1.8382, 1.9069, 1.9745, 2.0059, 2.0098, 1.9578, 1.8088, 1.6245, 1.4843, 1.2539, 1.8676, 1.9843, 1.9941, 1.9863, 1.9931, 2.0667, 2.2039, 2.4098, 2.5941, 2.6549, 2.5618, 2.4275, 2.1676, 1.9951, 1.7882, 2.3696, 2.4029, 2.3833, 2.4539, 2.5216, 2.6569, 2.9725, 3.301, 3.4804, 3.7147, 3.6373, 3.2863, 2.8902, 2.6559, 2.4167, 2.7441, 2.9402, 3.2559, 3.8431, 4.3186, 4.6412, 4.8343, 5.0343, 5.1402, 5.1069, 4.8353, 4.4598, 3.9353, 3.3167, 3.1098, 4.2833, 4.7765, 5.3127, 6.2471, 7.0069, 7.2824, 7.201, 7.0275, 6.7608, 6.4971, 5.8637, 5.2314, 4.5539, 4.1108, 3.6402, 6.6863, 8.0088, 8.9706, 9.5167, 10.0333, 9.8794, 9.3353, 8.5824, 8.0941, 7.4353, 6.9696, 6.1824, 5.4529, 4.8147, 4.3676, 10.2225, 11.6725, 12.65, 12.9775, 12.7863, 12.301, 10.9275, 10.1314, 9.198, 8.702, 8.4637, 7.9941, 7.3431, 6.551, 5.6725, 11.3902, 14.5618, 14.8922, 14.9843, 14.9235, 14.5902, 13.9696, 12.3382, 11.25, 10.3255, 10.0098, 9.7853, 9.4794, 8.6627, 7.8118, 14.6049, 15.1882, 15.4549, 15.649, 15.8314, 15.9627, 15.5402, 14.802, 13.4716, 12.3912, 11.401, 10.5118, 9.7059, 8.9255, 7.9804, 14.9294, 17.0333, 17.6255, 17.9255, 18.1706, 17.8196, 17.2314, 16.0196, 15.0843, 13.9069, 11.9196, 10.3265, 9.5049, 9.0176, 8.6647, 18.3157, 20.0833, 20.2216, 20.4539, 20.1412, 19.7147, 19.0255, 18.0127, 16.4755, 14.8539, 13.5069, 10.9275, 9.4873, 8.5216, 7.9431, 17.549, 23.2235, 23.7647, 24.1314, 24.2804, 24.1618, 23.3647, 22.4147, 20.8775, 18.4745, 16.2127, 13.6608, 10.751, 8.9353, 7.7461]
Max power: 24.2804
X position: 20
Z position: 70

y_75_s_5
X Voltages: [0, 5, 10, 15, 20, 25, 30, 35, 40, 45, 50, 55, 60, 65, 70, 0, 5, 10, 15, 20, 25, 30, 35, 40, 45, 50, 55, 60, 65, 70, 0, 5, 10, 15, 20, 25, 30, 35, 40, 45, 50, 55, 60, 65, 70, 0, 5, 10, 15, 20, 25, 30, 35, 40, 45, 50, 55, 60, 65, 70, 0, 5, 10, 15, 20, 25, 30, 35, 40, 45, 50, 55, 60, 65, 70, 0, 5, 10, 15, 20, 25, 30, 35, 40, 45, 50, 55, 60, 65, 70, 0, 5, 10, 15, 20, 25, 30, 35, 40, 45, 50, 55, 60, 65, 70, 0, 5, 10, 15, 20, 25, 30, 35, 40, 45, 50, 55, 60, 65, 70, 0, 5, 10, 15, 20, 25, 30, 35, 40, 45, 50, 55, 60, 65, 70, 0, 5, 10, 15, 20, 25, 30, 35, 40, 45, 50, 55, 60, 65, 70, 0, 5, 10, 15, 20, 25, 30, 35, 40, 45, 50, 55, 60, 65, 70, 0, 5, 10, 15, 20, 25, 30, 35, 40, 45, 50, 55, 60, 65, 70, 0, 5, 10, 15, 20, 25, 30, 35, 40, 45, 50, 55, 60, 65, 70, 0, 5, 10, 15, 20, 25, 30, 35, 40, 45, 50, 55, 60, 65, 70, 0, 5, 10, 15, 20, 25, 30, 35, 40, 45, 50, 55, 60, 65, 70]
Z Voltages: [0, 0, 0, 0, 0, 0, 0, 0, 0, 0, 0, 0, 0, 0, 0, 5, 5, 5, 5, 5, 5, 5, 5, 5, 5, 5, 5, 5, 5, 5, 10, 10, 10, 10, 10, 10, 10, 10, 10, 10, 10, 10, 10, 10, 10, 15, 15, 15, 15, 15, 15, 15, 15, 15, 15, 15, 15, 15, 15, 15, 20, 20, 20, 20, 20, 20, 20, 20, 20, 20, 20, 20, 20, 20, 20, 25, 25, 25, 25, 25, 25, 25, 25, 25, 25, 25, 25, 25, 25, 25, 30, 30, 30, 30, 30, 30, 30, 30, 30, 30, 30, 30, 30, 30, 30, 35, 35, 35, 35, 35, 35, 35, 35, 35, 35, 35, 35, 35, 35, 35, 40, 40, 40, 40, 40, 40, 40, 40, 40, 40, 40, 40, 40, 40, 40, 45, 45, 45, 45, 45, 45, 45, 45, 45, 45, 45, 45, 45, 45, 45, 50, 50, 50, 50, 50, 50, 50, 50, 50, 50, 50, 50, 50, 50, 50, 55, 55, 55, 55, 55, 55, 55, 55, 55, 55, 55, 55, 55, 55, 55, 60, 60, 60, 60, 60, 60, 60, 60, 60, 60, 60, 60, 60, 60, 60, 65, 65, 65, 65, 65, 65, 65, 65, 65, 65, 65, 65, 65, 65, 65, 70, 70, 70, 70, 70, 70, 70, 70, 70, 70, 70, 70, 70, 70, 70]
Power: [1.1716, 0.6147, 0.6451, 0.6618, 0.649, 0.6206, 0.5971, 0.5745, 0.5843, 0.6127, 0.6137, 0.5971, 0.5461, 0.4863, 0.3853, 0.6255, 0.6843, 0.7422, 0.8176, 0.8392, 0.8549, 0.8471, 0.851, 0.8618, 0.8853, 0.899, 0.8755, 0.8559, 0.7578, 0.6618, 0.7549, 0.8265, 0.9314, 1.0392, 1.0912, 1.1324, 1.1882, 1.2333, 1.248, 1.2657, 1.2735, 1.2255, 1.1029, 1.0255, 0.9441, 1.0618, 1.2049, 1.3255, 1.4216, 1.502, 1.5824, 1.6422, 1.702, 1.7186, 1.701, 1.6716, 1.5912, 1.4039, 1.251, 1.1196, 1.3549, 1.6696, 1.749, 1.7716, 1.8157, 1.8461, 1.9765, 2.1157, 2.2314, 2.2539, 2.2078, 2.1049, 1.8902, 1.6931, 1.4686, 1.9245, 2.1373, 2.1275, 2.151, 2.1863, 2.2676, 2.4029, 2.6951, 2.9412, 3.1618, 3.1108, 2.8647, 2.5108, 2.3039, 2.0931, 2.5078, 2.5569, 2.6539, 3.0265, 3.3716, 3.7343, 4.0206, 4.1441, 4.3539, 4.4431, 4.2676, 3.8382, 3.4765, 2.9627, 2.752, 3.4559, 3.7696, 4.3304, 4.9775, 5.8098, 6.1824, 6.3, 6.1892, 6.0627, 5.7598, 5.35, 4.7578, 3.9892, 3.5343, 3.2882, 5.5578, 6.3549, 7.3706, 8.1627, 8.602, 8.851, 8.4863, 7.9912, 7.3363, 6.9951, 6.3402, 5.7127, 4.8069, 4.1686, 3.7373, 8.9716, 10.1667, 11.0931, 11.501, 11.4882, 11.1569, 10.1559, 9.2941, 8.3578, 7.8892, 7.4627, 6.9039, 6.2745, 5.4931, 4.6108, 11.3255, 13.3814, 14.1382, 14.3686, 14.2775, 13.6941, 12.85, 11.2078, 9.8529, 9.2853, 8.8745, 8.6088, 8.0265, 7.3637, 6.3971, 13.2784, 15.3784, 15.6765, 15.9637, 16.0755, 15.7775, 14.9873, 13.9255, 12.2265, 11.1402, 10.2294, 9.7324, 9.1882, 8.4725, 7.8471, 16.8216, 17.6304, 17.7304, 17.9078, 17.9853, 17.7049, 16.8549, 15.7873, 14.8284, 12.6235, 11.2392, 10.001, 9.3255, 8.8539, 8.2373, 18.7657, 20.348, 20.5, 20.598, 20.6343, 20.35, 19.5343, 17.9725, 16.7157, 15.0863, 12.6284, 10.501, 9.2824, 8.4892, 7.9647, 21.2833, 24.2892, 24.4735, 24.7059, 24.8225, 24.4647, 23.5225, 21.7196, 19.749, 17.5637, 14.5441, 12.1539, 10.1637, 8.5108, 7.6686]
Max power: 24.8225
X position: 20
Z position: 70
